    [38;2;243;236;218m▂[39m
  [38;2;243;236;218m▁▇█▂[39m
  [38;2;243;236;218m████▇[39m
[38;2;176;50;34m▆▅[48;2;243;236;218m▅▅▅▅▆[49m▆[38;2;86;121;172m▂[38;2;11;63;140m▁▁[38;2;14;73;145m▁[38;2;9;53;129m▁▁[39m    [38;2;16;83;150m▁[38;2;18;93;155m▁[38;2;22;103;162m▂[38;2;18;93;155m▂[38;2;14;73;145m▂[38;2;9;53;129m▂[38;2;11;63;140m▁▁[38;2;14;73;145m▁[38;2;11;63;140m▁▁▁[38;2;14;73;145m▁▁▁▁[38;2;18;93;155m▁▂▂[38;2;16;83;150m▃[38;2;18;93;155m▃[38;2;22;103;162m▃[38;2;29;126;179m▄[38;2;13;70;144m▄▅[38;2;69;157;198m▆[38;2;13;70;144m▆[38;2;9;49;121m▆[38;2;13;70;144m▆▅▄[38;2;14;73;145m▄▃[38;2;11;63;140m▃[38;2;8;44;111m▂▁[38;2;9;53;129m▁[39m
[38;2;9;49;121m[48;2;176;50;34m▆[38;2;7;36;97m▅▅▅▅▅▆▆[38;2;9;49;121m[48;2;13;70;144m▅[38;2;7;36;97m[48;2;9;49;121m▂[48;2;13;70;144m▂▂[38;2;9;49;121m▄▄▃▃▃▃▄[38;2;7;36;97m▂[38;2;9;49;121m▅[38;2;7;36;97m▃[48;2;9;49;121m▃[38;2;9;49;121m[48;2;13;70;144m▅[38;2;7;36;97m[48;2;9;49;121m▂[48;2;13;70;144m▂▂[38;2;9;49;121m▄▄▄▄▄▄▄[38;2;7;36;97m▂[38;2;9;49;121m▅[38;2;7;36;97m▃[48;2;9;49;121m▃▃▃▄[38;2;7;29;82m[48;2;7;36;97m▂▃▄▄[38;2;6;24;73m▂[38;2;7;29;82m▄▃[38;2;7;36;97m[48;2;9;49;121m▅[38;2;7;29;82m▂[38;2;7;36;97m▄▃[38;2;9;49;121m[48;2;13;70;144m▅[38;2;7;36;97m▂[38;2;9;49;121m▄▃▃▃▃▃[39m[49m

    [38;2;243;236;218m▃[39m
  [38;2;243;236;218m▂██▃[39m
  [38;2;243;236;218m█████[39m
[38;2;176;50;34m▇▆[48;2;243;236;218m▆▆▆▆▇[49m▇[38;2;49;95;160m▂[38;2;11;63;140m▂[38;2;14;73;145m▂▂[38;2;11;63;140m▁[38;2;8;44;111m▁[39m     [38;2;16;83;150m▁[38;2;18;93;155m▁▂[38;2;16;83;150m▂[38;2;11;63;140m▂▂[38;2;14;73;145m▁▁[38;2;11;63;140m▁[38;2;9;53;129m▁▁[39m  [38;2;14;73;145m▁▁[38;2;16;83;150m▁[38;2;18;93;155m▁▂[38;2;16;83;150m▂▂[38;2;18;93;155m▂[38;2;25;115;171m▃[38;2;29;126;179m▄[38;2;35;138;187m▅[38;2;13;70;144m▅▆▆▆▆▅[38;2;16;83;150m▅[38;2;13;70;144m▄[38;2;11;63;140m▄[38;2;8;44;111m▃[38;2;7;35;94m▂[38;2;9;53;129m▁[38;2;11;63;140m▁▁▁[39m
[38;2;7;36;97m[48;2;176;50;34m▇[38;2;9;49;121m▆▆▆[38;2;7;36;97m▆▆▇▇[48;2;13;70;144m▃[38;2;9;49;121m▅[38;2;7;36;97m[48;2;9;49;121m▂▂▂[38;2;9;49;121m[48;2;13;70;144m▄▃▃▃▃▄▄[38;2;7;36;97m[48;2;9;49;121m▂[48;2;13;70;144m▃▃[38;2;9;49;121m▅[38;2;7;36;97m[48;2;9;49;121m▂[48;2;13;70;144m▂▂▂[38;2;9;49;121m▄▄▃▄▄▄▄[38;2;7;36;97m[48;2;9;49;121m▂[38;2;9;49;121m[48;2;13;70;144m▅[38;2;7;36;97m▃[38;2;9;49;121m▅[38;2;7;36;97m▃[48;2;9;49;121m▃[38;2;7;29;82m▂[38;2;7;36;97m▅[38;2;7;29;82m[48;2;7;36;97m▃▄▄▄▄▃[38;2;7;36;97m[48;2;9;49;121m▅[38;2;7;29;82m[48;2;7;36;97m▂[38;2;7;36;97m[48;2;9;49;121m▄▃▂[38;2;9;49;121m[48;2;13;70;144m▄▄▄▄▄▃[39m[49m

     [38;2;243;236;218m▃[39m
   [38;2;243;236;218m▂██▃[39m
   [38;2;243;236;218m█████[39m
[38;2;89;133;182m▃[38;2;176;50;34m▇▆[48;2;243;236;218m▆▆▆▆▇[49m▇[38;2;51;103;164m▂[38;2;14;73;145m▂[38;2;16;83;150m▂[38;2;11;63;140m▂[38;2;8;44;111m▁[38;2;7;35;94m▁[39m    [38;2;16;83;150m▁▁[38;2;18;93;155m▂[38;2;16;83;150m▂[38;2;14;73;145m▂▂▂[38;2;16;83;150m▂[38;2;14;73;145m▂[38;2;9;53;129m▁[38;2;8;44;111m▁[39m   [38;2;14;73;145m▁[38;2;16;83;150m▁▁▁[38;2;14;73;145m▂▂[38;2;16;83;150m▂[38;2;22;103;162m▂[38;2;29;126;179m▃[38;2;13;70;144m▄▅▅[38;2;69;157;198m▆[38;2;13;70;144m▆▆▆▅▅▄[38;2;8;44;111m▃[38;2;7;35;94m▂[38;2;8;44;111m▁[38;2;11;63;140m▁[38;2;14;73;145m▁[38;2;11;63;140m▁[38;2;9;53;129m▁▁[39m
[38;2;7;36;97m[48;2;9;49;121m▄[48;2;176;50;34m▇▆▆[38;2;9;49;121m▆▆[38;2;7;36;97m▆▇▇[48;2;13;70;144m▃[38;2;9;49;121m▅▅▅[38;2;7;36;97m▂[38;2;9;49;121m▄▃▃▃▃▄[38;2;7;36;97m▂[48;2;9;49;121m▂[38;2;9;49;121m[48;2;13;70;144m▅▅[38;2;7;36;97m[48;2;9;49;121m▂▂▂▂[48;2;13;70;144m▂[38;2;9;49;121m▄▃▃▃▄▄[38;2;7;36;97m▂[48;2;9;49;121m▂▂▂▂[48;2;13;70;144m▃[48;2;9;49;121m▄[38;2;7;29;82m[48;2;7;36;97m▂[48;2;9;49;121m▃[48;2;7;36;97m▃▄▄▄▄▃[48;2;9;49;121m▃[48;2;7;36;97m▂[38;2;7;36;97m[48;2;9;49;121m▄[48;2;13;70;144m▃[48;2;9;49;121m▂[48;2;13;70;144m▂▂▂[38;2;9;49;121m▄▄[39m[49m







